130A
137A
1418
1420
1429
142A
1430
1431
1435
1443
1446
1447
145A
147A
1491
149A
150A
1514
151A
155A
156A
157A
166A
1711
1717
1724
1726
1773
1783
1786
1822
1826
1840
1844
1848
184A
1850
1852
1853
1866
186A
1873
1887
189A
190A
1914
195A
196A
197A
198A
1994
2055
206A
2112
2114
2120
2124
2127
2130
2134
2138
2139
2146
2156
2157
2158
2162
2163
2164
2170
2173
2179
2180
2181
2193
2195
2196
2198
2215
2286
2300
2304
2307
2311
2315
2317
2321
2323
2329
2330
2334
2337
2338
2340
2341
2342
2345
2351
2353
2354
2370
2373
2375
2378
2385
2388
2404
2408
2411
2418
241A
2425
2428
2435
2436
2437
2438
2440
2445
2454
2459
2461
2464
2471
2479
247A
2484
2485
2489
2491
2492
2497
2533
254A
2586
264A
2652
2654
2656
265A
2666
2667
2673
2686
2687
2693
2694
2721
2722
2735
2749
2762
2764
2776
2778
2788
2796
281A
286A
2877
287A
2884
288A
2894
2901
2904
2926
2927
2929
2930
2931
2936
2962
296A
2970
2978
297A
2982
2984
298A
2991
2997
2998
2999
299A
3010
3011
3030
3031
3035
303A
3042
3053
3054
3059
3063
3067
3069
3070
3071
3077
3080
3082
3083
3103
3109
3111
3113
3121
3123
3133
3134
3135
3137
3143
3154
3159
3160
3161
3174
3175
3176
3181
3185
3187
3189
3192
3195
3202
3204
3205
3222
3231
3232
3236
3237
3238
323A
3241
3242
3245
3246
3248
3261
3266
3267
3271
3277
3280
3306
330A
3315
331A
3323
3326
332A
3350
3358
3359
335A
3361
336A
3370
3372
3377
3387
3392
3396
339A
3409
340A
3415
3422
3423
3440
3444
3447
3457
3469
3489
3494
350A
3512
3521
3529
352A
3536
3538
3541
3544
3548
3550
3553
3556
3557
3559
3565
3571
3577
3580
3598
3607
3622
3624
3625
3627
3628
3632
3634
3639
3645
3646
3647
3649
3653
3656
3657
365A
3660
3661
3662
3664
3665
3667
3668
366A
3671
3672
3673
3674
3675
3676
3679
3680
3681
3683
3686
3694
3697
3698
3710
3712
3719
3726
3727
3744
3747
3750
3753
3758
3760
3773
3776
3777
3779
3787
378A
3791
3793
3796
3798
3799
3802
3803
3807
3810
3815
3823
3825
3826
3834
3835
3839
3840
3842
3845
3851
3856
3858
3861
3864
3865
3878
3880
3895
3896
3900
3903
3904
3907
3908
3909
3910
3911
3913
3916
3917
3920
3923
3924
3926
3927
3928
3929
3930
3933
3935
3936
3937
3939
3940
3951
3953
3955
3958
3961
3962
3963
3965
3967
3968
3974
3976
3979
3985
3986
3987
3989
3992
3996
3997
3998
4005
4013
4014
4015
4016
4017
4019
402A
4052
4053
4054
4056
4057
4069
4073
4074
407A
4093
4113
414A
4165
4166
4167
4168
4169
4170
4174
4176
4178
4179
4180
4188
4192
4198
4222
4228
4234
4235
4237
423A
4240
4241
4245
4246
4248
4256
4259
4260
4263
4265
4284
4287
4288
428A
4290
4293
4308
4316
4317
4318
4331
4334
4341
4344
4345
4346
4350
4360
4366
436A
4370
4371
4373
4375
4376
4378
4379
4382
4386
4387
4388
438A
4392
4395
4396
4397
4406
4409
4410
4416
4418
4419
441A
4420
4422
4424
4427
4429
4433
4436
4438
4442
4446
4447
4448
4475
4476
4477
4479
4482
4484
4486
4487
4490
4492
4512
4531
4548
4552
4558
4563
4564
4565
4570
4571
4572
4574
4575
4576
4579
4582
4583
4584
4586
4587
4591
4593
4594
4596
4597
4598
4599
460A
4612
4615
4620
4625
462A
463A
4644
4650
4651
4657
4664
4668
4678
4679
4680
4687
4689
4705
4707
4709
4712
4714
4720
4728
472A
4735
4736
4750
4755
475A
4765
4766
4767
4772
4777
477A
4784
478A
4800
480A
4811
4813
4814
4820
4826
4828
4829
4833
4838
4839
4840
4845
4847
4875
4880
4881
4882
4883
4884
4885
4888
4890
4891
4892
4893
4896
4902
4918
4929
4932
4934
4935
4936
4960
4978
4996
4997
5010
5015
5026
5027
5028
5029
5031
5033
5035
504A
5074
5103
5125
5129
5131
5133
5134
5137
5138
5139
5162
5194
519A
5202
520A
5216
5240
5244
5246
5247
5248
5252
5255
5258
5268
5269
5282
5287
5301
5337
5341
5355
5363
5367
5368
5381
5401
5408
542A
543A
544A
545A
5464
547A
548A
5491
549A
5527
5535
5563
5570
5571
5575
5578
5586
5587
5588
5590
5591
5599
5619
5658
5698
5704
5707
5721
5817
5820
5845
5852
5856
5870
5884
5906
5909
5932
5936
5940
5942
5950
5951
5952
5955
5956
5957
5959
5967
5973
5984
5986
5997
6029
6031
6035
6037
6038
6039
603A
6040
6046
6047
6049
604A
6054
6059
6069
6071
6072
6074
6081
6085
6088
6090
6091
6092
6093
6094
6096
6099
6147
6155
6157
6158
6165
6166
6167
6171
6173
6176
6177
6181
6182
6184
6185
6186
6190
6191
6193
6194
6195
6198
6200
6210
6217
6218
6222
6228
6240
6255
6257
6262
6276
6279
6292
6293
6306
6307
6325
6334
6335
6336
6339
6343
6347
6366
6400
6413
6418
6424
6425
6428
6440
6444
6464
6467
6472
6480
6482
6488
6493
6494
6495
6522
6523
6533
6535
6537
6538
6539
6545
6548
6551
6552
6557
6558
6561
6562
6572
6573
6574
6578
6579
6580
6584
6612
6614
6615
6619
6620
6625
6629
6630
6632
6633
6634
6635
6656
6658
6659
6662
6663
6664
6666
6694
6696
6699
6721
6727
6731
6740
6742
6743
6748
6753
6757
6768
6769
6775
6776
6778
6786
6803
6819
6835
6836
6837
6840
6853
6858
6888
6897
6904
6907
6926
6927
6955
6958
6962
6964
6966
6969
6986
6993
6994
7004
7022
7031
7034
7035
7036
7037
7038
7041
7044
7048
7049
7059
7060
7061
7062
7063
7065
7066
7068
7069
7071
7074
7075
7078
7080
7082
7085
7096
7111
7112
7120
7127
7135
7138
7140
7150
7161
7162
7177
7183
7192
7196
7198
7201
7205
7211
7212
7213
7214
7215
7222
7238
7241
7244
7245
7246
7247
7255
7256
7266
7271
7273
7277
7291
7294
7325
7347
7351
7352
7354
7356
7359
7360
7362
7367
7371
7372
7373
7375
7381
7383
7412
7416
7422
7427
7435
7442
7443
7455
7462
7463
7486
7494
7512
7522
7524
7527
7532
7538
7539
7544
7551
7561
7571
7578
7590
7593
7600
7601
7602
7603
7604
7608
7610
7615
7619
7624
7625
7630
7636
7640
7686
7687
7692
7694
7695
7702
7707
7709
7719
7722
7726
7727
7740
7743
7746
7771
7774
7775
7776
7777
7779
7782
7791
7795
7803
7807
7810
7814
7815
7819
7820
7822
7823
7831
7833
7836
7837
7844
7847
7851
7868
7871
7874
7875
7879
7883
7888
7896
7897
7898
7908
7918
7922
7939
7953
7955
7962
7971
7980
7984
7987
7992
7997
8007
8013
8016
8018
8023
8046
8070
8077
8095
8103
8104
8105
8107
8113
8127
8135
8143
8165
8166
8181
8185
8202
8203
8207
8217
8219
8226
8230
8247
8254
8260
8273
8275
8281
8285
8289
8291
8338
8346
8410
8508
8515
8518
8524
8550
8558
8562
8563
8572
8585
8600
8609
8614
8616
8617
8622
8628
8698
8705
8714
8729
8737
8742
8746
8769
8783
8789
8798
8835
8836
8841
8848
8860
8864
8869
8881
8887
8894
8897
8904
8908
8912
8914
8918
8920
8927
8938
8944
8946
8999
9008
9033
9059
9067
9090
9115
9145
9158
9160
9162
9166
9168
9193
9204
9212
9213
9215
9218
9219
9223
9227
9229
9235
9237
9238
9240
9253
9256
9259
9262
9268
9271
9273
9274
9307
9326
9327
9330
9331
9332
9340
9341
9342
9343
9348
9363
9366
9368
9380
9385
9399
9405
9414
9416
9417
9419
9423
9424
9425
9432
9434
9438
9439
9444
9446
9450
9466
9470
9474
9475
9476
9478
9501
9504
9505
9506
9509
9511
9514
9517
9519
9534
9535
9552
9553
9557
9560
9561
9562
9563
9564
9565
9603
9610
9625
9644
9656
9658
9682
9685
9704
9708
9713
9723
9760
9780
9788
9799
9812
9816
9823
9827
9831
9835
9846
9850
9854
9876
9878
9885
9888
9904
9929
9930
9969
9972
9973
9978
9980
9990
9997
